145.74611663790853 0.7
-0.5515358146612375 -3.0269478556748353 -0.7668104836578495 0.6418735717821811
4.13458022409583 2.237223911439586 -0.8494411890881726 -0.5276833011195934
1.6714513529645796 2.129067624419344 0.9772981591719518 0.21186861041483823
-2.267420280486794 -4.385881394571719 -0.9109286665928125 0.4125638912695107
1.4000489974164285 -0.2530904071389095 -0.37573037945686255 -0.9267290229366955
4.023614337122591 2.26029802997709 -0.5600198170767848 0.8284792118582606
3.847249903016893 -0.5250837368100791 0.9983171223994124 -0.05799071584449086
0.010733590141738247 -0.821539727374617 0.3093818308432889 0.9509378963655064
-4.421071980922702 -4.020978341928922 0.9997579965423508 -0.021998826096521592
2.6356158696234893 -4.655523409296696 -0.24947551937085516 0.9683811053684608
2.3966941027252755 3.5716599801974684 0.7354980327356176 -0.6775268583916333
-3.6342341467449533 4.259651945241124 0.2299724995395046 0.9731971277472784
-0.788447608180336 -1.22568691122648 0.9185302214239933 0.3953507712535664
-2.654261026809057 1.5430171022801478 -0.6670262413720625 -0.7450342229193629
-3.3520994124618575 2.9406135433396408 -0.89289504631018 0.45026485125394994
1.7629480565788116 4.791597214980381 0.5592783228645882 -0.8289799500432887
-4.534393391862811 -1.5862774143157345 -0.8184109021710045 0.5746334442126062
-4.788466222617952 0.3106439646530621 -0.5225674175179107 -0.8525979674786128
-3.874101216758219 0.832924840393976 0.44873714412567905 -0.8936637933148739
3.3519492383265206 3.7035976245232067 -0.6992881402936826 0.7148399099411019
-0.34929726824468244 2.3294629455802776 0.02621285016847793 0.9996563842071159
-4.700211674259293 -2.1060178484966094 0.7891671119949434 -0.6141785321431876
2.1101433085244388 -1.8863463702077468 0.7446537317528502 -0.6674509868046898
-1.8410044621722998 2.4635872033846926 -0.475259061861827 -0.8798459093035643
0.7126779280260962 -3.032767122396743 -0.07004458333759687 -0.9975438618652628
-2.723873921504516 -1.847736456188891 -0.8501003921364636 -0.5266206635610027
-2.9310138671317896 -0.09526780897739684 -0.4886433857577568 0.8724836053217254
-0.6016773782727309 2.58021861319291 -0.9279136996546131 -0.3727950723833249
3.967777017326293 -4.476730131830261 0.753093174597069 0.6579138776278463
-0.459441239578946 -2.959883159345794 -0.3860065907184124 -0.9224960227133492
-2.1677495318423787 3.684468131822582 -0.998760866937709 -0.049766762742173835
-0.47035987544923774 -4.118223179649653 0.3838825864946907 -0.9233819143702926
4.912223336214685 -0.516889917396548 -0.6499496081088163 0.7599773068448797
-2.006643003051879 1.4352614504562125 -0.35535912624613314 0.9347298494183145
-0.8316870606879387 -2.1988539320783227 0.010780364700428636 -0.9999418901800874
-0.5467096052174387 3.3383742288560967 -0.9867355742694448 -0.1623357830890929
1.2690969994381716 0.17634871361528415 0.6908306281858726 0.7230166271672546
0.953674883264469 1.398597734712082 0.7945715765797565 -0.6071704947472003
3.727889853389618 -4.928672438468434 -0.9720169876735726 -0.23491056952379524
1.1217543168178583 0.9593991088719651 -0.4142798783237344 0.9101495384913798
2.868693701360069 4.7659196269041875 -0.531282821282435 -0.8471945253660319
1.5093531189310578 -4.978784176148378 -0.9496216863943288 0.31339855253269955
-3.6136709677402976 3.8418885873566175 -0.7147084315139124 0.6994225174548809
3.5355914577131546 3.844311336847202 0.42383738594340054 0.9057383012088341
-3.2556250230229566 -0.7512402281679273 0.8489373722798341 0.52849346064697
-4.890440493291161 0.4724348183298668 0.6248345319906864 -0.7807572014602107
4.250218381341588 2.5281919812086056 0.7882844080677992 0.6153110530432551
-4.827522746510983 3.6959973849576784 -0.09250795352738635 0.9957119455616544
-1.4988152198475646 -2.356719310569794 -0.3380940252478029 -0.9411123365952325
1.759968343647527 2.291092779574732 0.4657249138615464 0.8849295478221163
1.608291777427863 -1.030043590181572 0.3360407832398448 0.9418474356282719
-4.338939622876685 0.8096686316603554 -0.5615178926644604 0.8274645951445073
1.3169879217156675 -0.5097285650730798 0.5719656974609617 -0.8202775389634874
0.5751528419482499 -4.795154507755464 -0.9641876769153077 0.26522089601813426
-4.163640359494511 -0.2561991677222908 0.7576453197393389 -0.6526665070900106
-4.513562148235603 4.840460228666686 -0.8186469916484833 -0.5742970512416794
3.967542018423952 1.377232314759322 0.5980256908646198 -0.8014769323354816
0.443724485174279 0.044331332492285824 0.9226182000582344 -0.38571447590323055
1.7965927473637056 -2.8675401604672413 0.6555943134454302 -0.7551133002258767
-4.6152081417717365 1.7368986471213113 -0.42794570398040177 -0.9038044448024795
-4.0004003807315405 3.870337859103607 0.15111040023786146 -0.9885168925921061
2.844280453613891 -2.636372765690541 0.9992003421518253 -0.0399834496220022
-2.3621115186488897 4.199411371093193 -0.48398296756243225 0.875077417780542
4.625746560043007 4.971232584713732 -0.838963090644384 0.5441883245131441
1.0824153450796006 -4.964320055081215 -0.6963275243207735 -0.7177241662876503
1.3473607211104799 2.0206992697494446 -0.90815047774468 0.4186438937475495
-3.399912827245145 -1.6729121802636815 0.13987121696210125 0.990169703972779
-2.4076130079036986 -2.855978877092087 -0.579018858005249 0.815314149315647
-2.097777668807468 -2.4464936674693805 -0.6416502336006364 -0.7669973779096306
-2.2336546167144933 -0.00822672805606306 0.904591318752563 0.4262798916645011
0.8338060906706923 1.8957596720189107 -0.9550091788681078 0.29657624361648166
0.712287029256256 -0.3758973018475551 -0.6940238622587601 0.7199519974383247
-2.0056793539599784 2.296337170200683 -0.875907635967592 0.4824788215597283
0.720588064537 0.5698974033597821 0.7855216349531707 0.6188341950963099
4.876215760106502 -0.3456475640062875 -0.7626002543049322 0.646870042693316
-4.5035258989227 0.921597065444395 0.6605566259304998 0.7507762276066777
-4.7210552080857315 1.4652672582159418 -0.8758989853363244 -0.4824945258620012
-0.4788821471462148 2.1441990057654667 -0.613420607856994 -0.7897563914628078
1.1160056563954353 4.103382295038152 0.13255214924967276 -0.9911760326648806
-0.4462778944718737 1.5107488414523083 0.2835358205478106 -0.9589616459829243
-4.6148007621807885 -4.459545944926293 -0.807418930763172 0.5899785337156395
-0.15825212981172232 4.948134864846946 0.5718759579545748 0.8203401055132788
2.2279727551089588 -2.8101188932090637 -0.7680699870953536 -0.640365907058881
4.106547234283447 2.785153386696204 -0.69064519545363 -0.7231937596500797
-3.2288791013768634 1.7640791407643892 -0.24176971025136168 -0.9703336576688312
4.948393141855293 1.806359357813899 0.17085038910284314 -0.9852969829160175
2.4705781688231934 0.4836575197247237 0.5965740347043074 -0.8025580484404998
2.762201383140603 3.2253428866238707 0.865683473520009 -0.5005917734784819
-1.8945120078609632 -2.775214996253721 -0.6096552088104397 -0.7926667183440335
-3.2815084455862897 -0.6762307265396732 -0.37066400519086096 0.9287670295913122
-0.5161591769785945 -0.5891214183175482 -0.7344139622830083 -0.6787017990279474
3.5603105605137984 -0.09051996771103266 -0.6192096776654624 0.7852256841733045
1.9404909075062262 -4.067396019366299 -0.3528117930722364 -0.9356943083449601
0.3050174377257413 4.573404672653163 0.30068277163936213 0.9537242111005001
-0.9656957221437201 -1.1967955817273523 -0.3736941574473916 -0.9275519805863626
2.194145885015474 0.7761130406878802 -0.9838833520362578 -0.17881149176128905
-4.204452731027368 -4.403390150657618 0.15671915989709426 0.9876432072976298
-2.285320368858843 0.26483696425067293 0.9187873220360918 0.3947529060890455
-2.8043671509624266 1.8462755020106547 -0.617786803715528 0.786345639750709
-4.618165127772109 4.56678556221695 -0.4872866838939816 -0.8732420556178034
